0 0.400391 0.357422 0.185547 0.177734
0 0.622559 0.402344 0.194336 0.191406
0 0.843262 0.454102 0.182617 0.189453
0 0.795410 0.679199 0.184570 0.190430
0 0.733887 0.899414 0.182617 0.166016
0 0.517578 0.864746 0.201172 0.184570
0 0.572754 0.631836 0.194336 0.199219
0 0.346191 0.582031 0.184570 0.193359
0 0.287598 0.818848 0.188477 0.206055
0 0.083008 0.758301 0.164062 0.196289
0 0.141602 0.535156 0.171875 0.179688
0 0.201660 0.324707 0.163086 0.157227
0 0.055664 0.298340 0.109375 0.143555
0 0.057129 0.942871 0.112305 0.114258
