0 0.095737 0.742780 0.056157 0.106498
0 0.175575 0.724278 0.073748 0.134477
0 0.265562 0.707130 0.064276 0.111011
0 0.362991 0.687726 0.075101 0.128159
0 0.466847 0.667870 0.094723 0.155235
0 0.581867 0.642148 0.097429 0.141697
0 0.717185 0.616877 0.135318 0.174188
0 0.870771 0.586191 0.146143 0.172383
0 0.899188 0.828971 0.143437 0.165162
0 0.720230 0.847473 0.141407 0.182310
0 0.558187 0.860560 0.138024 0.181408
0 0.435386 0.874549 0.100812 0.162455
0 0.333221 0.885379 0.062923 0.113718
0 0.241881 0.893502 0.073748 0.128159
0 0.158322 0.905235 0.074425 0.137184
0 0.079161 0.912004 0.069012 0.130866
