0 0.083854 0.089815 0.141667 0.107407
0 0.074740 0.256481 0.131771 0.170370
0 0.174479 0.431481 0.061458 0.503704
0 0.312240 0.620833 0.273438 0.308333
0 0.612760 0.732870 0.274479 0.534259
0 0.742188 0.436111 0.415625 0.412963
0 0.869010 0.766667 0.207813 0.466667
0 0.566406 0.168056 0.089063 0.275000
0 0.469010 0.243056 0.126562 0.184259
0 0.484896 0.059259 0.150000 0.116667
0 0.384635 0.039815 0.091146 0.077778
0 0.351302 0.116667 0.074479 0.164815
0 0.260417 0.073148 0.046875 0.129630
0 0.160938 0.199074 0.078125 0.250000
0 0.207552 0.089352 0.051562 0.086111
0 0.346354 0.306944 0.223958 0.330556
